res1: 9.889
res2: 30.357
res3: -205.939
res4: -1.96629
res5: 9.889
res6: -20.123
res7: 10.234
res8: -2
res9: -1
res10: -16
res11: 3
res12: 3200
res13: 4.99e+10
res14: 6.32456
res15: 4e-10
res16: 5e+10
res17: 341
res18: 511
res19: 85
res20: 0
res21: 511
res22: 341
res23: 3
res24: 4
res25: 5
res26: 4
